4.5	15	830	71.036	0.24436	12.44	1.412	0.15972	0.79902	3.86	3.852
4.2	30	830	72.5025	0.277725	11.8725	1.1929	0.157875	0.898675	3.3025	3.93
4.5	5	815	72.30857143	0.138928571	11.60714286	0.828614286	0.084228571	0.5768	3.452857143	4.174285714
4.6	5	850	69.41	0.336525	13.8575	1.73	0.440075	1.6675	3.79	3.76
3.8	30	900	71.48888889	0.5	12.48333333	2.566666667	0.544444444	2.277777778	3.161111111	2.877777778
4.1	30	900	69.80833333	0.441666667	12.86666667	2.866666667	0.55	2.983333333	2.991666667	2.475
4.2	30	890	69.78571429	0.435714286	12.8	2.157142857	0.464285714	2.464285714	3.378571429	2.685714286
4.9	3	850	69.26	0.46	15.56	3.38	0.54	1.97	5.25	3.31
5	8	850	70.773617	0.358458059	15.47001969	2.783972758	0.409494319	1.71168261	5.289290357	2.983494693
4.4	15	850	73.79873738	0.293986505	13.92617841	2.23883251	0.311295719	1.426304221	4.582921954	3.270631778
4.7	20	850	71.03084602	0.406854268	14.78613152	3.17762379	0.427536781	1.885861217	4.994592385	3.049072589					
5.3	5	760	75.65	0.12	12.9	1.37	0.1	0.65	3.57	5.32
4.6	30	820	73.7335	0.1186	12.3177	0.6636	0.0902	0.7632	2.1655	4.3726
5	5	850	72.59	0.22	14.67	3.21	0.13	2.14	4.74	2.55									
4.8	40	820	76.18	0.25	12.81	1.22	0.22	1.34	3.38	3.35
5.0	2	805	77.4	0.17	12.4	1.2	0.11	0.87	4.25	3.2
4.5	4	890	72.68	0.43	14.4	2.99	0.55	2.47	5.06	1.31
4.1	4	895	73.54	0.38	13.38	2.88	0.6	2.48	5.29	1.29
4.5	9	850	71.5	0.54	14.48	2.6	0.5	1.91	5.22	2.96
5.0	34	860	67.08	0.6	14.61	4.80604806	0.94	3.67	4.85	2.14							
4.4	32	900	70.5	0.48	15.05	2.8	0.75	2.97	5.56	1.83
4.3	37	855	76.85	0.25	12.63	1.39	0.23	1.18	4.84	2.59
4.8	26	850	74.99	0.2	13.77	1.64	0.31	1.66	5.12	2.29
5.0	45	760	77.19	0.12	12.51	0.55	0.11	0.6	2.94	5.95
4.1	45	800	74.52	0.25	13.79	0.42	0.02	0.68	3.18	6.91
5.0	15	760	72	0.12	11.93	0.79	0.04	0.37	2.4	6.48
4.1	15	800	73	0.13	12.15	0.42	0.1	0.5	2.66	6.17
4.4	15	850	71.9118	0.201576372	13.59595088	1.422883456	0.271010133	1.05099133	4.900794023	3.416039724
4.3	30	850	73.27446135	0.09990828	12.75338347	0.427181785	0.018199709	0.93970176	4.762279932	3.345527563
4.3	20	870	71.77890783	0.31374648	13.77375024	0.905687372	0.012410168	1.052271458	5.333407622	3.024175153
4.6	12	870	68.95050862	0.348836373	14.52070327	1.868477492	0.428921138	1.51065003	5.218360247	2.704937725
4.0	25	900	72.388825	0.498280498	15.28026211	1.342893832	0.235870214	1.00721055	5.718246756	3.418486166
3.9	15	900	68.73695	0.578048337	14.9806331	2.858891296	0.650018157	1.889518469	5.417058189	3.048456672
4.7	20	890	69.49218138	0.520759358	15.35573435	1.374677676	0.176554795	1.973951843	4.927063981	2.888496071
5.6	47	770	78.17	0.13	12.51	0.56	0.11	3.87	2.92	4.73
4.8	38	780	77.27	0.19	12.09	1	0.14	0.92	2.7	5.56								
4.7	35	800	77.1	0.12	12.9	0.72	0.08	0.67	4.02	4.33
5.5	20	780	77.8	0.07	12.5	0.87	0.05	0.51	4.32	3.84
5.2	12	850	69.13	0.21	16.32	1.22	0.18	1.65	2.71	4.54
4.6	24	850	68.04	0.29	15.92	1.64	0.25	2.12	4.56	5.05
5.2	15	840	70.87	0.19	14.21	2.05	0.39	1.87	4.2	2.71
5.3	35	830	73.18	0.22	14.53	1.9	0.34	1.96	5.06	2.78
4.4	25	870	69.1	0.42	14.78	2.79	0.73	2.98	5.07	3.22
4.9	30	850	67.5	0.7	15.5	4	1.5	3	4.2	3.5
5.5	6	780	74	0.4	14	2	0.5	1	3.8	4.5
4.9	25	860	70.75	0.52	14.47	3.48	0.57	2.07	5.5	2.56
5.2	30	880	65.3	0.72	17.46	4.98	0.07	1.33	5.01	3.25
3.6	31	860	76.30529478	0.575177772	11.96281242	1.94425765	0.151597556	0.663989618	4.405583394	3.886295778
3.8	35	860	74.86591972	0.655029632	12.50243981	2.340714322	0.253915861	0.914747845	4.682948636	3.653248168
4.0	33	860	75.04764313	0.756941647	12.70092377	2.780418944	0.361640487	1.012457635	3.703486946	3.457884424
3.8	34	860	76.02575442	0.622144468	12.28556952	2.213274973	0.242813617	0.689123862	4.218690731	3.595251114
4.7	1	860	70.56	0.28	15.65	1.9	0.37	1.34	6.2	3.27								
5.2	25	850	73	0.23	14.9	1.97	0.44	1.89	4.91	2.43
5.4	2	830	74.11323788	0.277442457	14.05578304	2.296612672	0.437497129	2.327140016	3.771869222	2.57216991
5.3	20	830	73.03107926	0.308765724	14.04703399	2.487848086	0.529288254	2.618302011	4.274203417	2.430608638
6.2	40	780	72.2	0.25	14	1.56	0.62	2.15	6.74	2.31
4.5	26	810	78.9	0.05	11.6	0.44100441	0.06	0.23	3.77	4.75
4.8	33	785	77.6	0.1	12.1	0.58	0.1	0.69	3.76	5.03
4.6	38	800	77.3	0.14	12.7	0.765076508	0.11	1.03	2.76	5.11
4.3	35	800	74.1	0.16	11.6	0.35	0.1	0.75	2.68	5.31
4.8	10	835	71.2	0.19	13.3	1.2	0.3	1.45	3.4	3.42
5.0	38	830	67.4	0.63	13.9	2.99	0.85	2.94	4.02	3.42
5.0	50	770	77.2	0.15	12.5	0.75	0.11	0.85	2.3	5.8
5.3	1	810	76.1	0.5	13	1.3	0.29	1.1	3.9	3.1
4.3	5	865	71.86666667	0.583333333	14.16666667	3.39	0.490333333	1.726666667	3.693333333	2.94
4.3	27	860	77.53	0.15	12.7	1.47	0.18	1.59	3.29	2.73
4.0	27	880	76.46	0.24	12.93	1.83	0.29	1.95	3.36	2.55
4.2	27	870	77	0.2	12.8	1.63	0.23	1.86	3.33	2.59
3.7	27	890	77.36	0.23	12.78	1.85	0.27	1.9	2.87	2.68
5.3	27	830	77.5	0.25	13.1	0.76	0.09	1.8	2.68	2.81
4.4	12	850	74.3	0.29	11.2	1.4	0.27	1.37	4.29	1.75
4.2	4	850	74.3	0.36	10.8	1.5	0.32	1.33	4.15	1.86
4.2	8	850	73.3	0.33	10.8	1.49	0.31	1.37	4.31	1.89
4.3	7	850	76.7	0.35	11.5	1.47	0.32	1.4	4.42	1.86
4.4	10	830	71.95	0.46	14.86	1.64	0.47	1.44	4.3	4.77
4.4	20	900	63.93	1.06	14.99	6.59	1.59	5.64	3.49	2.51
4.5	20	900	69.89	0.49	15.81	2.41	0.25	3.16	4.87	3.15
4.3	20	900	64.75	0.93	15.29	5.52	1.87	4.64	4.32	2.48
5.2	8	800	77.016405	0.163842628	12.58892092	1.25994167	0.155546799	1.316962897	4.137544849	3.142045337
5.4	3	800	76.16	0.2	12.9	1.57	0.11	1.42	4.42	3.14
5.4	4	800	75.93	0.19	12.88	1.64	0.13	1.49	4.37	3.16
5.2	3	810	75.4	0.23	13.01	1.74	0.12	1.59	4.67	2.98
5.0	4	820	75.58	0.24	13.11	1.92	0.17	1.32	4.48	2.92
4.3	3	860	75.05	0.3	13.4	1.97	0.21	1.47	4.53	2.86									
6.2	10	750	77.68	0.17	12.17	0.96	0.08	0.92	4.31	3.43							
5.4	25	780	77.7	0.14	12.4	1.12	0.09	0.86	3.53	4.08
3.7	35	920	68.2	0.1	13.8	5.3	0.9	3	3.9	2
4.2	35	1000	66.4	0.4	18.4	2.2	2.2	5.1	4.8	1.4
4.1	11	870	68.7	0.47	15.8	2.6	0.63	1.9	4.2	4.4
4.3	10	840	70	0.4	14.7	3.7	0.4	1.4	5.5	3.8
4.6	9	860	67.9	0.4	15.7	4.2	0.7	2.4	5.6	3
6.0	35	780	76.44	0.14	12.63	0.79	0.23	1.28	4.1	2.94
3.5	35	870	73.04	0.36	13.22	1.52	0.2	1.08	4.28	4.36
5.7	25	790	74.2	0.42	13.48	1.213333333	0.073333333	1.133333333	4.226666667	3.706666667
5.6	25	770	74.722	0.26428	12.624	1.22748	0.19812	0.88706	3.772	4.158
5.7	45	780	74.53636364	0.372727273	12.90909091	1.2	0.172727273	1.409090909	3.845454545	4.3
6.5	3	710	75.49125	0.1436	11.72	0.83985	0.0916875	0.5664	2.69875	5.63625
3.2	50	910	72.18333333	0.233333333	13.35	1.1	0.216666667	1.95	3.383333333	4.033333333
3.5	52	910	74.16	0.2	12.78	0.9	0.26	2.42	3.66	2.62
3.1	50	930	72.52857143	0.485714286	13.01428571	1.842857143	0.671428571	2.642857143	3.142857143	3.071428571
3.1	52	950	64.03333333	0.966666667	14.63333333	4.4	1.666666667	3.6	4.4	3.333333333
4.8	40	850	72.98333333	0.2	13.08333333	0.95	0.483333333	2.683333333	3.15	3.016666667
3.4	50	910	72.225	0.425	13.2375	1.55	0.325	2.375	3.375	3.6625
3.3	40	920	72.91666667	0.333333333	13.98333333	1.25	0.633333333	2.616666667	3.683333333	3.2
3.4	45	910	71.025	0.425	13.8	1.7	0.2625	2.4	3.6375	3.8625
4	45	910	70.43333333	0.366666667	14.63333333	1.866666667	0.5	2.983333333	3.316666667	3.316666667
3.8	45	890	72.425	0.275	13.025	1.825	0.4	2.625	3.175	3.35
3.2	40	910	70.5625	0.2625	13.35	1.4625	0.6625	2.05	3.85	3.7
3.9	14	930	69.09	0.53	15.81	3.23	0.64	2.82	5.64	2.24
3.4	20	930	70.21	0.58	14.67	3.22	0.59	2.52	5.78	2.43
3.1	14	930	71.7	0.56	13.14	3.22	0.59	2.7	5.91	2.19
3.4	14	930	69.2	0.66	15.02	3.52	0.64	2.68	5.54	2.72
3.6	15	930	68.93	0.71	15.13	3.86	0.68	2.85	5.65	2.2
3.6	16	930	69.45	0.57	15	3.43	0.65	2.87	5.8	2.23
3.1	15	930	71.5	0.53	13.17	3.36	0.72	2.93	5.61	2.2
5.5	35	780	73.33	0.6	12.07	1.63	0.24	1.45	2.78	4.02								
6	30	775	71.0532	0.1222	13.58413333	0.794666667	0.099	0.9116	2.860133333	4.017666667
3.5	5	915	59.27	1.12	13.68	9.8	1.07	4.76	4.51	2
3.6	3	865	69.8	0.34	12.9	3.02	0.21	1.7	4.8	3.1
5.4	7	780	70.31	0.32	14.46	3.07701107	0.29	1.1	5.56	4.23
5.7	2	770	71.62	0.26	14.47	2.28400594	0.15	0.88	5.37	4.52
5.4	4	780	71.16	0.29	14.72	2.64600846	0.21	1.06	5.33	4.5
4.1	35	850	76.41	0.39	12.24	1.3	0.58	2.04	3.67	3.19
6.0	40	750	78.43	0.22	11.88	1.42	0.05	0.44	2.72	4.67
5.5	29	770	74.54336	0.16763	13.01573	1.72761	0.04936	0.45177	3.06281	4.84662
5.7	31	745	76.7	0.12	11.9	1.28	0.03	0.34	3.22	4.91
5.3	39	765	74.70641026	0.111376923	12.15435897	1.231223077	0.029182051	0.535733333	2.983333333	4.836153846
4.9	39	780	74.39583333	0.104647222	12.02777778	1.278172222	0.025805556	0.515891667	2.857222222	4.970833333
5.7	28	750	74.56111111	0.088319444	12.08111111	1.017013889	0.026838889	0.447836111	2.891666667	4.916944444
5.4	33	760	72.95698	0.24213	13.60223	2.17489	0.06728	0.78568	3.60187	5.6049
5.5	14	770	76.39487805	0.102619512	12.29731707	0.928960976	0.028941463	0.512946341	3.426585366	4.301707317
5.4	18	760	75.00819	0.21731	12.53684	1.98197	0.03974	0.60642	3.57396	5.01229
4.5	45	820	73.94	0.19	13.44	1.17	0.25	1.69	3.91	4.27								
4.4	46	870	74.17	0.32	13.73	1.95	0.47	2	5.08	2.21
4.2	48	875	75	0.4	13.58	1.6	0.28	1.76	4.97	2.35
6.4	1	715	76.9	0.05	12.7	0.69300693	0.1	0.32	4.48	4.49
6.1	1	720	77.2	0.04	12.5	0.7200072	0.1	0.39	4.22	4.66
5.9	1	725	77.1	0.05	12.5	0.693069307	0.1	0.39	4.29	4.66
6.6	7	710	76.8	0.06	12.9	0.64800648	0.1	0.28	4.6	4.5
6.5	6	715	77.3	0.07	12.5	0.70200702	0.1	0.43	3.86	4.94
6.2	1	725	77.2	0.06	12.6	0.70200702	0.1	0.41	3.9	4.79
6.5	1	715	77.7	0.06	12.7	0.70200702	0.1	0.41	3.77	4.7
5.9	20	890	67.73	0.32	17.42	2.98	1.6	4.22	4.46	1.27
6.6	40	730	74.5	0.2	11.8	0.6	0.1	0.6	3.4	4.4
6.6	50	750	75.33	0.2	13.75	1.97	0.36	1.69	2.97	3.92
5.9	50	750	76.95	0.2	12.44	1.8	0.22	0.87	3.14	4.58
5.1	45	760	77.19	0.12	12.51	0.55	0.11	0.6	2.94	5.95
5.1	43	760	77.19	0.12	12.51	0.55	0.11	0.6	2.94	5.95
5.5	15	800	72.4	0.35	13.6	1.84501845	0.38	1.27	5.15	3.07
5.4	23	800	75.2	0.27	12.9	1.31401314	0.27	0.98	4.58	3.38
5.6	32	800	73.2	0.36	13.7	1.76401764	0.41	1.4	5.11	2.97
6.1	5	760	71.48	0.27	14.96	2.03	0.23	1.26	4.55	5.08
4.3	44	810	77.97	0.26	11.57	1.54	0.32	0.54	3.21	4.56
3.9	35	860	73.73929776	0.844879192	12.54172236	3.287789453	0.407136152	1.132964634	4.31711583	3.410666194
3.7	37	860	77.43587625	0.82214711	11.75173007	1.649591767	0.140900738	0.312634474	3.502472282	4.206637166
3.9	38	860	72.93632796	1.01980343	12.63820868	3.634514987	0.446542402	1.287464602	4.50880147	3.285844986
5.8	25	860	65.09	0.99	17.17	3.53	1.53	3.87	5.34	2.33
3.5	10	970	64.6	0.79	16.8	3.13	0.87	4.04	4.18	3.23
3.6	22	960	70	0.4	16.4	1.23	0.25	3.35	4.38	3.08
3.3	17	930	70	0.47	15.6	2.46	0.79	2.73	4.37	3.49
3.3	22	960	63.6	0.65	17	3.16	1.28	3.56	4.44	4.01
3.7	15	920	66.8	0.56	15.6	2.94	1.18	3.1	3.83	3.95
3.5	25	960	66.3	0.6	16.7	2.92	0.92	3.59	4.16	3.51
3.8	12	960	64.9	0.52	17.1	3.19	1.36	4.29	4.15	3.52
3.6	40	865	75.294	0.334	12.726	1.072	0.132	0.812	3.014	4.366
4.5	37	825	75.294	0.334	12.726	1.072	0.132	0.812	3.014	4.366
3.6	27	900	73.07928	0.49637	13.82561	2.01145	0.58	1.87	4.83587	2.8973
3.4	30	910	70.7466	0.443	14.373	1.938	0.447	2.2352	5.137	3.3792
3.6	36	880	75.1847	0.44775	13.06996667	1.615666667	0.31	1.4064	4.6191	3.391866667
3.8	25	880	75.30209375	0.5294625	13.29276875	1.55919375	0.12	1.24849375	4.797	3.2665375
3.8	27	900	74.270025	0.371425	14.134775	1.4993	0.21	1.7654	4.933125	2.911925
3.9	30	860	76.442	0.3989	12.1381	0.8279	0.2	0.5335	4.4362	3.251
3.7	26	880	75.69775714	0.264571429	13.27401429	0.767914286	0.16	1.010914286	4.618328571	3.424657143
3.3	30	900	75.32448182	0.366245455	13.2109	1.411381818	0.28	1.363281818	4.579145455	3.237845455
3.7	34	980	67.594275	0.60125	17.7235375	1.3646625	0.07	3.383025	5.377275	3.06945
3.3	28	850	70.8	0.52	13.36	2.09	0.24	1.04	5.67	5.2
5.7	35	740	77.78	0.34	10.78	1.36	0.12	0.4	2.54	4.88
4.8	50	860	72.6	0.2	15.5	1.6	0.3	1.6	4	3.9
6.3	40	780	77.8	0.3	13.1	1.1	0.2	1.3	3.1	3.1
5.5	46	760	75	0.05	12.37	0.64	0.07	1.03	2.87	5.22
6.1	44	730	76.36	0.1	11.52	0.5	0.06	0.66	2.55	5.28
4.6	44	800	73.1	0.06	11.5	0.57	0.03	0.48	3.74	4.64
5.5	48	760	76.02	0.06	12.35	0.61	0.06	0.98	2.85	5.12
6.4	35	800	74	0.2	15	2	0.4	1	4	2.5
3.8	5	865	71.35	0.48	15.05	2.325	0.054	0.608	4.53	4.64
3.6	7	850	74.87	0.3	12.56	0.79	0.03	1.26	3.61	4.92
3.1	9	880	73	0.3	13.74	1.23	0.11	0.98	4.02	5.71
3.2	22	910	71.32	0.3	15.22	1.76	0.42	1.37	4.45	4.57
3.1	24	880	73.97	0.3	13	1.37	0.12	1.11	4	5.27
3.5	21	880	73.32	0.3	13.51	1.44	0.28	1.42	4.52	4.17
3.5	8	870	73.02	0.3	13.98	1	0.42	1.62	4.52	4.41
5.8	20	790	72.1	0.39	15.05	1.44	0.24	1.21	5.32	4.16							
5.2	52	820	73.53	0.19	12.43	1.49	0.19	1.37	5.45	2.46
4.8	52	820	73.97	0.36	11.75	3.01	0.39	1.78	3.15	2.96
4.4	52	860	75.52	0.11	12.52	0.74	0.05	1.75	3.52	2.64
4.2	52	860	76.12	0.2	12.84	1.48	0.1	1.51	3.52	3.18							
3.4	25	860	75.82	0.33	12.05	1.14	0.11	0.85	3.22	4.43
6.3	20	770	74.75	0.21	12.91	1.37701377	0.37	1.67	4.09	2.31
5.9	11	770	77.24	0.2	12.48	1.25101251	0.27	1.34	4.18	2.73
6.0	12	770	75.28	0.17	12.73	1.19701197	0.7	1.39	4.36	2.59
6.4	13	770	74.72	0.21	13.38	1.43101431	0.36	1.75	4.23	2.47
6.2	14	770	75.28	0.21	12.82	1.43101431	0.35	1.73	4.28	2.36
6.4	15	770	75.1	0.22	13.24	1.43101431	0.36	1.65	4.24	2.35
6.1	16	770	76.47	0.11	12.58	0.79200792	0.14	1.07	4.43	2.56
5.9	17	770	76.41	0.13	12.28	0.900009	0.18	1.05	4.12	2.8
6.2	18	770	75.81	0.18	12.98	1.18801188	0.26	1.35	4.14	2.62
6.0	19	770	77.56	0.11	12.33	0.80100801	0.14	1.1	4.51	2.56
5.9	10	770	77.67	0.12	12.41	0.90900909	0.16	0.98	4.29	2.79
5.9	20	770	77.69	0.12	12.4	0.95400954	0.15	0.91	4.44	2.85
3.9	50	880	72.85	1.29	14.11	3.73	0.52	2.49	1.74	3
3.9	45	900	67.83	0.8	15.6	3.59	0.69	3.57	4.57	3.16
3.5	25	850	70.12877578	0.301878982	14.96016782	1.821201169	0.70861123	2.894881489	2.602384913	6.582098613
3.7	23	850	70.40545791	0.293711843	15.01568432	1.974741707	0.641671618	2.898917179	2.404839136	6.36497629
3.8	17	850	67.31063897	0.371997923	15.89058784	2.581857567	1.003603227	3.853554807	2.106362143	6.88139753
3.9	13	850	64.86060918	0.442388661	16.67032164	3.234406214	1.316701093	4.478038564	1.800662273	7.196872378
3.8	21	850	68.75114277	0.337959122	15.61926646	2.305502421	0.88425962	3.318748305	2.272524393	6.510596913
3.7	19	850	68.67059766	0.358668092	15.42307788	2.337556768	0.912175363	3.567999296	2.286799312	6.443125626
3.8	25	900	73.81	0.46	13.89	3.04	0.44	2.23	3.22	2.75
6.3	10	750	77.37	0.2	12.38	1.05	0.15	0.99	4.62	3.14
6.5	10	780	66.93	0.63	15.35	4.78	0.54	2.33	5.44	2.96
6.1	35	780	76.44	0.14	12.63	0.79	0.23	1.28	4.1	2.94
