4.5	15	830	71.036	0.24436	12.44	1.412	0.15972	0.79902	3.86	3.852
4.2	30	830	72.5025	0.277725	11.8725	1.1929	0.157875	0.898675	3.3025	3.93
4.5	5	815	72.30857143	0.138928571	11.60714286	0.828614286	0.084228571	0.5768	3.452857143	4.174285714
4.6	5	850	69.41	0.336525	13.8575	1.73	0.440075	1.6675	3.79	3.76
3.8	30	900	71.48888889	0.5	12.48333333	2.566666667	0.544444444	2.277777778	3.161111111	2.877777778
4.1	30	900	69.80833333	0.441666667	12.86666667	2.866666667	0.55	2.983333333	2.991666667	2.475
4.2	30	890	69.78571429	0.435714286	12.8	2.157142857	0.464285714	2.464285714	3.378571429	2.685714286
4.9	3	850	69.26	0.46	15.56	3.38	0.54	1.97	5.25	3.31
5	8	850	70.773617	0.358458059	15.47001969	2.783972758	0.409494319	1.71168261	5.289290357	2.983494693
4.4	15	850	73.79873738	0.293986505	13.92617841	2.23883251	0.311295719	1.426304221	4.582921954	3.270631778
4.7	20	850	71.03084602	0.406854268	14.78613152	3.17762379	0.427536781	1.885861217	4.994592385	3.049072589					
5.3	5	760	75.65	0.12	12.9	1.37	0.1	0.65	3.57	5.32
4.6	30	820	73.7335	0.1186	12.3177	0.6636	0.0902	0.7632	2.1655	4.3726
5	5	850	72.59	0.22	14.67	3.21	0.13	2.14	4.74	2.55									
4.8	40	820	76.18	0.25	12.81	1.22	0.22	1.34	3.38	3.35
5.0	2	805	77.4	0.17	12.4	1.2	0.11	0.87	4.25	3.2
4.5	4	890	72.68	0.43	14.4	2.99	0.55	2.47	5.06	1.31
4.1	4	895	73.54	0.38	13.38	2.88	0.6	2.48	5.29	1.29
4.5	9	850	71.5	0.54	14.48	2.6	0.5	1.91	5.22	2.96
5.0	34	860	67.08	0.6	14.61	4.80604806	0.94	3.67	4.85	2.14							
4.4	32	900	70.5	0.48	15.05	2.8	0.75	2.97	5.56	1.83
4.3	37	855	76.85	0.25	12.63	1.39	0.23	1.18	4.84	2.59
4.8	26	850	74.99	0.2	13.77	1.64	0.31	1.66	5.12	2.29
5.0	45	760	77.19	0.12	12.51	0.55	0.11	0.6	2.94	5.95
4.1	45	800	74.52	0.25	13.79	0.42	0.02	0.68	3.18	6.91
5.0	15	760	72	0.12	11.93	0.79	0.04	0.37	2.4	6.48
4.1	15	800	73	0.13	12.15	0.42	0.1	0.5	2.66	6.17
4.4	15	850	71.9118	0.201576372	13.59595088	1.422883456	0.271010133	1.05099133	4.900794023	3.416039724
4.3	30	850	73.27446135	0.09990828	12.75338347	0.427181785	0.018199709	0.93970176	4.762279932	3.345527563
4.3	20	870	71.77890783	0.31374648	13.77375024	0.905687372	0.012410168	1.052271458	5.333407622	3.024175153
4.6	12	870	68.95050862	0.348836373	14.52070327	1.868477492	0.428921138	1.51065003	5.218360247	2.704937725
4.0	25	900	72.388825	0.498280498	15.28026211	1.342893832	0.235870214	1.00721055	5.718246756	3.418486166
3.9	15	900	68.73695	0.578048337	14.9806331	2.858891296	0.650018157	1.889518469	5.417058189	3.048456672
4.7	20	890	69.49218138	0.520759358	15.35573435	1.374677676	0.176554795	1.973951843	4.927063981	2.888496071
5.6	47	770	78.17	0.13	12.51	0.56	0.11	3.87	2.92	4.73
4.8	38	780	77.27	0.19	12.09	1	0.14	0.92	2.7	5.56								
4.7	35	800	77.1	0.12	12.9	0.72	0.08	0.67	4.02	4.33
5.5	20	780	77.8	0.07	12.5	0.87	0.05	0.51	4.32	3.84
5.2	12	850	69.13	0.21	16.32	1.22	0.18	1.65	2.71	4.54
4.6	24	850	68.04	0.29	15.92	1.64	0.25	2.12	4.56	5.05
5.2	15	840	70.87	0.19	14.21	2.05	0.39	1.87	4.2	2.71
5.3	35	830	73.18	0.22	14.53	1.9	0.34	1.96	5.06	2.78
4.4	25	870	69.1	0.42	14.78	2.79	0.73	2.98	5.07	3.22
4.9	30	850	67.5	0.7	15.5	4	1.5	3	4.2	3.5
5.5	6	780	74	0.4	14	2	0.5	1	3.8	4.5
4.9	25	860	70.75	0.52	14.47	3.48	0.57	2.07	5.5	2.56
5.2	30	880	65.3	0.72	17.46	4.98	0.07	1.33	5.01	3.25
3.6	31	860	76.30529478	0.575177772	11.96281242	1.94425765	0.151597556	0.663989618	4.405583394	3.886295778
3.8	35	860	74.86591972	0.655029632	12.50243981	2.340714322	0.253915861	0.914747845	4.682948636	3.653248168
4.0	33	860	75.04764313	0.756941647	12.70092377	2.780418944	0.361640487	1.012457635	3.703486946	3.457884424
3.8	34	860	76.02575442	0.622144468	12.28556952	2.213274973	0.242813617	0.689123862	4.218690731	3.595251114
4.7	1	860	70.56	0.28	15.65	1.9	0.37	1.34	6.2	3.27								
5.2	25	850	73	0.23	14.9	1.97	0.44	1.89	4.91	2.43
5.4	2	830	74.11323788	0.277442457	14.05578304	2.296612672	0.437497129	2.327140016	3.771869222	2.57216991
5.3	20	830	73.03107926	0.308765724	14.04703399	2.487848086	0.529288254	2.618302011	4.274203417	2.430608638
6.2	40	780	72.2	0.25	14	1.56	0.62	2.15	6.74	2.31
4.5	26	810	78.9	0.05	11.6	0.44100441	0.06	0.23	3.77	4.75
4.8	33	785	77.6	0.1	12.1	0.58	0.1	0.69	3.76	5.03
4.6	38	800	77.3	0.14	12.7	0.765076508	0.11	1.03	2.76	5.11
4.3	35	800	74.1	0.16	11.6	0.35	0.1	0.75	2.68	5.31
4.8	10	835	71.2	0.19	13.3	1.2	0.3	1.45	3.4	3.42
5.0	38	830	67.4	0.63	13.9	2.99	0.85	2.94	4.02	3.42
5.0	50	770	77.2	0.15	12.5	0.75	0.11	0.85	2.3	5.8
5.3	1	810	76.1	0.5	13	1.3	0.29	1.1	3.9	3.1
4.3	5	865	71.86666667	0.583333333	14.16666667	3.39	0.490333333	1.726666667	3.693333333	2.94
4.3	27	860	77.53	0.15	12.7	1.47	0.18	1.59	3.29	2.73
4.0	27	880	76.46	0.24	12.93	1.83	0.29	1.95	3.36	2.55
4.2	27	870	77	0.2	12.8	1.63	0.23	1.86	3.33	2.59
3.7	27	890	77.36	0.23	12.78	1.85	0.27	1.9	2.87	2.68
5.3	27	830	77.5	0.25	13.1	0.76	0.09	1.8	2.68	2.81
4.4	12	850	74.3	0.29	11.2	1.4	0.27	1.37	4.29	1.75
4.2	4	850	74.3	0.36	10.8	1.5	0.32	1.33	4.15	1.86
4.2	8	850	73.3	0.33	10.8	1.49	0.31	1.37	4.31	1.89
4.3	7	850	76.7	0.35	11.5	1.47	0.32	1.4	4.42	1.86
4.4	10	830	71.95	0.46	14.86	1.64	0.47	1.44	4.3	4.77
4.4	20	900	63.93	1.06	14.99	6.59	1.59	5.64	3.49	2.51
4.5	20	900	69.89	0.49	15.81	2.41	0.25	3.16	4.87	3.15
4.3	20	900	64.75	0.93	15.29	5.52	1.87	4.64	4.32	2.48
5.2	8	800	77.016405	0.163842628	12.58892092	1.25994167	0.155546799	1.316962897	4.137544849	3.142045337
5.4	3	800	76.16	0.2	12.9	1.57	0.11	1.42	4.42	3.14
5.4	4	800	75.93	0.19	12.88	1.64	0.13	1.49	4.37	3.16
5.2	3	810	75.4	0.23	13.01	1.74	0.12	1.59	4.67	2.98
5.0	4	820	75.58	0.24	13.11	1.92	0.17	1.32	4.48	2.92
4.3	3	860	75.05	0.3	13.4	1.97	0.21	1.47	4.53	2.86									
6.2	10	750	77.68	0.17	12.17	0.96	0.08	0.92	4.31	3.43							
5.4	25	780	77.7	0.14	12.4	1.12	0.09	0.86	3.53	4.08
3.7	35	920	68.2	0.1	13.8	5.3	0.9	3	3.9	2
4.2	35	1000	66.4	0.4	18.4	2.2	2.2	5.1	4.8	1.4
4.1	11	870	68.7	0.47	15.8	2.6	0.63	1.9	4.2	4.4
4.3	10	840	70	0.4	14.7	3.7	0.4	1.4	5.5	3.8
4.6	9	860	67.9	0.4	15.7	4.2	0.7	2.4	5.6	3
6.0	35	780	76.44	0.14	12.63	0.79	0.23	1.28	4.1	2.94
